{
 "cells": [
  {
   "cell_type": "code",
   "execution_count": 1,
   "id": "c8d31426",
   "metadata": {},
   "outputs": [],
   "source": [
    "import torch"
   ]
  },
  {
   "cell_type": "code",
   "execution_count": 2,
   "id": "c5dfb654",
   "metadata": {},
   "outputs": [],
   "source": [
    "sentence  = torch.tensor([\n",
    "     0, # can\n",
    "    7, # you\n",
    "    1, # help\n",
    "    2, # me\n",
    "    5, # to\n",
    "    6, # translate\n",
    "    4, # this\n",
    "    3  # sentence]\n",
    "    ])\n"
   ]
  },
  {
   "cell_type": "code",
   "execution_count": 3,
   "id": "2ea18b2d",
   "metadata": {},
   "outputs": [
    {
     "data": {
      "text/plain": [
       "tensor([0, 7, 1, 2, 5, 6, 4, 3])"
      ]
     },
     "execution_count": 3,
     "metadata": {},
     "output_type": "execute_result"
    }
   ],
   "source": [
    "sentence"
   ]
  },
  {
   "cell_type": "code",
   "execution_count": 4,
   "id": "994dd5a8",
   "metadata": {},
   "outputs": [],
   "source": [
    "torch.manual_seed(123)\n",
    "embed = torch.nn.Embedding(10, 16)\n",
    "embedded_sentence = embed(sentence).detach()"
   ]
  },
  {
   "cell_type": "code",
   "execution_count": 5,
   "id": "222eb687",
   "metadata": {},
   "outputs": [
    {
     "data": {
      "text/plain": [
       "torch.Size([8, 16])"
      ]
     },
     "execution_count": 5,
     "metadata": {},
     "output_type": "execute_result"
    }
   ],
   "source": [
    "embedded_sentence.shape"
   ]
  },
  {
   "cell_type": "code",
   "execution_count": 6,
   "id": "455d13b6",
   "metadata": {},
   "outputs": [
    {
     "data": {
      "text/plain": [
       "torch.Size([16, 8])"
      ]
     },
     "execution_count": 6,
     "metadata": {},
     "output_type": "execute_result"
    }
   ],
   "source": [
    "embedded_sentence.T.shape"
   ]
  },
  {
   "cell_type": "code",
   "execution_count": null,
   "id": "5ebce7ee",
   "metadata": {},
   "outputs": [],
   "source": [
    "omega_mat = embedded_sentence.matmul(embedded_sentence.T)"
   ]
  },
  {
   "cell_type": "code",
   "execution_count": 8,
   "id": "5380e38e",
   "metadata": {},
   "outputs": [
    {
     "data": {
      "text/plain": [
       "tensor([[ 9.7601,  1.7326,  4.7543, -1.3587,  0.4752, -1.6717,  1.0227, -0.1286],\n",
       "        [ 1.7326, 16.0787,  9.0642, -0.3370,  1.1368,  1.1972,  1.6485, -1.2789],\n",
       "        [ 4.7543,  9.0642, 22.6615, -0.8519,  7.7799,  2.7483, -0.6832,  1.6236],\n",
       "        [-1.3587, -0.3370, -0.8519, 13.9473, -1.4198, 10.9659, -0.5887,  2.3869],\n",
       "        [ 0.4752,  1.1368,  7.7799, -1.4198, 13.7511, -6.8568, -2.5114, -3.3468],\n",
       "        [-1.6717,  1.1972,  2.7483, 10.9659, -6.8568, 24.6738, -3.8294,  4.9581],\n",
       "        [ 1.0227,  1.6485, -0.6832, -0.5887, -2.5114, -3.8294, 15.8691,  2.0269],\n",
       "        [-0.1286, -1.2789,  1.6236,  2.3869, -3.3468,  4.9581,  2.0269, 18.7382]])"
      ]
     },
     "execution_count": 8,
     "metadata": {},
     "output_type": "execute_result"
    }
   ],
   "source": [
    "omega_mat"
   ]
  },
  {
   "cell_type": "code",
   "execution_count": 9,
   "id": "88389aca",
   "metadata": {},
   "outputs": [],
   "source": [
    "import torch.nn.functional as F\n",
    "attention_weights = F.softmax(omega_mat, dim=1)"
   ]
  },
  {
   "cell_type": "code",
   "execution_count": 10,
   "id": "93297fd2",
   "metadata": {},
   "outputs": [
    {
     "data": {
      "text/plain": [
       "tensor([[9.9270e-01, 3.2398e-04, 6.6502e-03, 1.4723e-05, 9.2135e-05, 1.0766e-05,\n",
       "         1.5929e-04, 5.0374e-05],\n",
       "        [5.8773e-07, 9.9910e-01, 8.9788e-04, 7.4187e-08, 3.2391e-07, 3.4407e-07,\n",
       "         5.4033e-07, 2.8926e-08],\n",
       "        [1.6712e-08, 1.2438e-06, 1.0000e+00, 6.1412e-11, 3.4437e-07, 2.2482e-09,\n",
       "         7.2703e-11, 7.3008e-10],\n",
       "        [2.1438e-07, 5.9550e-07, 3.5585e-07, 9.5172e-01, 2.0167e-07, 4.8272e-02,\n",
       "         4.6299e-07, 9.0760e-06],\n",
       "        [1.7110e-06, 3.3158e-06, 2.5448e-03, 2.5719e-07, 9.9745e-01, 1.1195e-09,\n",
       "         8.6338e-08, 3.7443e-08],\n",
       "        [3.6165e-12, 6.3713e-11, 3.0052e-10, 1.1136e-06, 2.0250e-14, 1.0000e+00,\n",
       "         4.1804e-13, 2.7390e-09],\n",
       "        [3.5667e-07, 6.6694e-07, 6.4779e-08, 7.1194e-08, 1.0410e-08, 2.7865e-09,\n",
       "         1.0000e+00, 9.7366e-07],\n",
       "        [6.4013e-09, 2.0263e-09, 3.6918e-08, 7.9205e-08, 2.5622e-10, 1.0361e-06,\n",
       "         5.5258e-08, 1.0000e+00]])"
      ]
     },
     "execution_count": 10,
     "metadata": {},
     "output_type": "execute_result"
    }
   ],
   "source": [
    "attention_weights"
   ]
  },
  {
   "cell_type": "code",
   "execution_count": null,
   "id": "9373f7b7",
   "metadata": {},
   "outputs": [],
   "source": [
    "# dim 1 -> columns\n",
    "attention_weights.sum(dim=1)\n",
    "context_vectors  = torch.matmul(attention_weights, embedded_sentence)"
   ]
  },
  {
   "cell_type": "code",
   "execution_count": null,
   "id": "a7bd9a7c",
   "metadata": {},
   "outputs": [],
   "source": []
  },
  {
   "cell_type": "code",
   "execution_count": null,
   "id": "8b9912ea",
   "metadata": {},
   "outputs": [],
   "source": []
  },
  {
   "cell_type": "code",
   "execution_count": null,
   "id": "99373447",
   "metadata": {},
   "outputs": [],
   "source": []
  },
  {
   "cell_type": "code",
   "execution_count": null,
   "id": "d3138f34",
   "metadata": {},
   "outputs": [],
   "source": []
  }
 ],
 "metadata": {
  "kernelspec": {
   "display_name": "torch",
   "language": "python",
   "name": "python3"
  },
  "language_info": {
   "codemirror_mode": {
    "name": "ipython",
    "version": 3
   },
   "file_extension": ".py",
   "mimetype": "text/x-python",
   "name": "python",
   "nbconvert_exporter": "python",
   "pygments_lexer": "ipython3",
   "version": "3.11.13"
  }
 },
 "nbformat": 4,
 "nbformat_minor": 5
}
